0.000000e+00 0.000000e+00
2.207207e-02 -3.182311e-03
4.414414e-02 -1.273213e-02
6.621622e-02 -2.865811e-02
8.828829e-02 -5.097469e-02
1.103604e-01 -7.970217e-02
1.324324e-01 -1.148667e-01
1.545045e-01 -1.565004e-01
1.765766e-01 -2.046413e-01
1.986486e-01 -2.593339e-01
2.207207e-01 -3.206284e-01
2.427928e-01 -3.885819e-01
2.648649e-01 -4.632576e-01
2.869369e-01 -5.447258e-01
3.090090e-01 -6.330634e-01
3.310811e-01 -7.283546e-01
3.531532e-01 -8.306908e-01
3.752252e-01 -9.401712e-01
3.972973e-01 -1.056903e+00
4.193694e-01 -1.181001e+00
4.414414e-01 -1.312591e+00
4.635135e-01 -1.451804e+00
4.855856e-01 -1.598785e+00
5.076577e-01 -1.753686e+00
5.297297e-01 -1.916670e+00
5.518018e-01 -2.087914e+00
5.738739e-01 -2.267603e+00
5.959459e-01 -2.455940e+00
6.180180e-01 -2.653137e+00
6.400901e-01 -2.859425e+00
6.621622e-01 -3.075047e+00
6.842342e-01 -3.300267e+00
7.063063e-01 -3.535366e+00
7.283784e-01 -3.780646e+00
7.504505e-01 -4.036432e+00
7.725225e-01 -4.303072e+00
7.945946e-01 -4.580941e+00
8.166667e-01 -4.870445e+00
8.387387e-01 -5.172023e+00
8.608108e-01 -5.486147e+00
8.828829e-01 -5.813335e+00
9.049550e-01 -6.154145e+00
9.270270e-01 -6.509189e+00
9.490991e-01 -6.879135e+00
9.711712e-01 -7.264718e+00
9.932432e-01 -7.666744e+00
1.015315e+00 -8.086107e+00
1.037387e+00 -8.523796e+00
1.059459e+00 -8.980914e+00
1.081532e+00 -9.458695e+00
1.103604e+00 -9.958526e+00
1.125676e+00 -1.048198e+01
1.147748e+00 -1.103083e+01
1.169820e+00 -1.160713e+01
1.191892e+00 -1.221323e+01
1.213964e+00 -1.285188e+01
1.236036e+00 -1.352627e+01
1.258108e+00 -1.424021e+01
1.280180e+00 -1.499825e+01
1.302252e+00 -1.580591e+01
1.324324e+00 -1.666995e+01
1.346396e+00 -1.759885e+01
1.368468e+00 -1.860340e+01
1.390541e+00 -1.969763e+01
1.412613e+00 -2.090031e+01
1.434685e+00 -2.223740e+01
1.456757e+00 -2.374623e+01
1.478829e+00 -2.548340e+01
1.500901e+00 -2.754097e+01
1.522973e+00 -3.008421e+01
1.545045e+00 -3.345868e+01
1.567117e+00 -3.861412e+01
1.589189e+00 -5.104566e+01
1.611261e+00 -4.512753e+01
1.633333e+00 -3.751967e+01
1.655405e+00 -3.376982e+01
1.677477e+00 -3.134242e+01
1.699550e+00 -2.959633e+01
1.721622e+00 -2.826999e+01
1.743694e+00 -2.723079e+01
1.765766e+00 -2.640236e+01
1.787838e+00 -2.573674e+01
1.809910e+00 -2.520203e+01
1.831982e+00 -2.477599e+01
1.854054e+00 -2.444264e+01
1.876126e+00 -2.419021e+01
1.898198e+00 -2.400991e+01
1.920270e+00 -2.389511e+01
1.942342e+00 -2.384082e+01
1.964414e+00 -2.384334e+01
1.986486e+00 -2.390000e+01
2.008559e+00 -2.400901e+01
2.030631e+00 -2.416936e+01
2.052703e+00 -2.438076e+01
2.074775e+00 -2.464360e+01
2.096847e+00 -2.495898e+01
2.118919e+00 -2.532879e+01
2.140991e+00 -2.575573e+01
2.163063e+00 -2.624355e+01
2.185135e+00 -2.679721e+01
2.207207e+00 -2.742324e+01
2.229279e+00 -2.813025e+01
2.251351e+00 -2.892963e+01
2.273423e+00 -2.983671e+01
2.295495e+00 -3.087264e+01
2.317568e+00 -3.206748e+01
2.339640e+00 -3.346581e+01
2.361712e+00 -3.513770e+01
2.383784e+00 -3.720231e+01
2.405856e+00 -3.988802e+01
2.427928e+00 -4.372648e+01
2.450000e+00 -5.056280e+01
2.472072e+00 -6.610590e+01
2.494144e+00 -4.829363e+01
2.516216e+00 -4.299784e+01
2.538288e+00 -3.984689e+01
2.560360e+00 -3.763802e+01
2.582432e+00 -3.596646e+01
2.604505e+00 -3.464609e+01
2.626577e+00 -3.357583e+01
2.648649e+00 -3.269475e+01
2.670721e+00 -3.196335e+01
2.692793e+00 -3.135467e+01
2.714865e+00 -3.084956e+01
2.736937e+00 -3.043407e+01
2.759009e+00 -3.009776e+01
2.781081e+00 -2.983278e+01
2.803153e+00 -2.963312e+01
2.825225e+00 -2.949428e+01
2.847297e+00 -2.941285e+01
2.869369e+00 -2.938641e+01
2.891441e+00 -2.941333e+01
2.913514e+00 -2.949270e+01
2.935586e+00 -2.962429e+01
2.957658e+00 -2.980854e+01
2.979730e+00 -3.004655e+01
3.001802e+00 -3.034016e+01
3.023874e+00 -3.069208e+01
3.045946e+00 -3.110595e+01
3.068018e+00 -3.158665e+01
3.090090e+00 -3.214059e+01
3.112162e+00 -3.277617e+01
3.134234e+00 -3.350455e+01
3.156306e+00 -3.434070e+01
3.178378e+00 -3.530523e+01
3.200450e+00 -3.642739e+01
3.222523e+00 -3.775039e+01
3.244595e+00 -3.934182e+01
3.266667e+00 -4.131588e+01
3.288739e+00 -4.388912e+01
3.310811e+00 -4.755642e+01
3.332883e+00 -5.396110e+01
3.354955e+00 -7.630077e+01
3.377027e+00 -5.287929e+01
3.399099e+00 -4.726048e+01
3.421171e+00 -4.396334e+01
3.443243e+00 -4.165671e+01
3.465315e+00 -3.990800e+01
3.487387e+00 -3.852145e+01
3.509459e+00 -3.739176e+01
3.531532e+00 -3.645585e+01
3.553604e+00 -3.567301e+01
3.575676e+00 -3.501554e+01
3.597748e+00 -3.446383e+01
3.619820e+00 -3.400357e+01
3.641892e+00 -3.362412e+01
3.663964e+00 -3.331743e+01
3.686036e+00 -3.307740e+01
3.708108e+00 -3.289940e+01
3.730180e+00 -3.277997e+01
3.752252e+00 -3.271663e+01
3.774324e+00 -3.270769e+01
3.796396e+00 -3.275221e+01
3.818468e+00 -3.284995e+01
3.840541e+00 -3.300131e+01
3.862613e+00 -3.320740e+01
3.884685e+00 -3.347006e+01
3.906757e+00 -3.379200e+01
3.928829e+00 -3.417691e+01
3.950901e+00 -3.462970e+01
3.972973e+00 -3.515684e+01
3.995045e+00 -3.576686e+01
4.017117e+00 -3.647105e+01
4.039189e+00 -3.728462e+01
4.061261e+00 -3.822853e+01
4.083333e+00 -3.933261e+01
4.105405e+00 -4.064104e+01
4.127477e+00 -4.222318e+01
4.149550e+00 -4.419684e+01
4.171622e+00 -4.678715e+01
4.193694e+00 -5.051567e+01
4.215766e+00 -5.717092e+01
4.237838e+00 -7.408043e+01
4.259910e+00 -5.509634e+01
4.281982e+00 -4.965944e+01
4.304054e+00 -4.641329e+01
4.326126e+00 -4.412296e+01
4.348198e+00 -4.237656e+01
4.370270e+00 -4.098547e+01
4.392342e+00 -3.984751e+01
4.414414e+00 -3.890116e+01
4.436486e+00 -3.810661e+01
4.458559e+00 -3.743669e+01
4.480631e+00 -3.687214e+01
4.502703e+00 -3.639888e+01
4.524775e+00 -3.600644e+01
4.546847e+00 -3.568691e+01
4.568919e+00 -3.543428e+01
4.590991e+00 -3.524402e+01
4.613063e+00 -3.511273e+01
4.635135e+00 -3.503799e+01
4.657207e+00 -3.501821e+01
4.679279e+00 -3.505251e+01
4.701351e+00 -3.514073e+01
4.723423e+00 -3.528337e+01
4.745495e+00 -3.548164e+01
4.767568e+00 -3.573754e+01
4.789640e+00 -3.605392e+01
4.811712e+00 -3.643470e+01
4.833784e+00 -3.688506e+01
4.855856e+00 -3.741187e+01
4.877928e+00 -3.802413e+01
4.900000e+00 -3.873387e+01
4.922072e+00 -3.955735e+01
4.944144e+00 -4.051710e+01
4.966216e+00 -4.164546e+01
4.988288e+00 -4.299087e+01
5.010360e+00 -4.463051e+01
5.032432e+00 -4.669834e+01
5.054505e+00 -4.945900e+01
5.076577e+00 -5.356340e+01
5.098649e+00 -6.161402e+01
5.120721e+00 -6.733507e+01
5.142793e+00 -5.552072e+01
5.164865e+00 -5.076065e+01
5.186937e+00 -4.776672e+01
5.209009e+00 -4.560561e+01
5.231081e+00 -4.393620e+01
5.253153e+00 -4.259517e+01
5.275225e+00 -4.149167e+01
5.297297e+00 -4.057003e+01
5.319369e+00 -3.979372e+01
5.341441e+00 -3.913761e+01
5.363514e+00 -3.858374e+01
5.385586e+00 -3.811894e+01
5.407658e+00 -3.773337e+01
5.429730e+00 -3.741958e+01
5.451802e+00 -3.717193e+01
5.473874e+00 -3.698616e+01
5.495946e+00 -3.685914e+01
5.518018e+00 -3.678864e+01
5.540090e+00 -3.677326e+01
5.562162e+00 -3.681233e+01
5.584234e+00 -3.690584e+01
5.606306e+00 -3.705451e+01
5.628378e+00 -3.725978e+01
5.650450e+00 -3.752390e+01
5.672523e+00 -3.785005e+01
5.694595e+00 -3.824252e+01
5.716667e+00 -3.870701e+01
5.738739e+00 -3.925104e+01
5.760811e+00 -3.988453e+01
5.782883e+00 -4.062077e+01
5.804955e+00 -4.147790e+01
5.827027e+00 -4.248132e+01
5.849099e+00 -4.366795e+01
5.871171e+00 -4.509423e+01
5.893243e+00 -4.685239e+01
5.915315e+00 -4.910879e+01
5.937387e+00 -5.221285e+01
5.959459e+00 -5.713111e+01
5.981532e+00 -6.959029e+01
6.003604e+00 -6.282983e+01
6.025676e+00 -5.507749e+01
6.047748e+00 -5.110746e+01
6.069820e+00 -4.845137e+01
6.091892e+00 -4.647760e+01
6.113964e+00 -4.492722e+01
6.136036e+00 -4.366855e+01
6.158108e+00 -4.262552e+01
6.180180e+00 -4.175030e+01
6.202252e+00 -4.101093e+01
6.224324e+00 -4.038510e+01
6.246396e+00 -3.985672e+01
6.268468e+00 -3.941390e+01
6.290541e+00 -3.904772e+01
6.312613e+00 -3.875141e+01
6.334685e+00 -3.851986e+01
6.356757e+00 -3.834924e+01
6.378829e+00 -3.823675e+01
6.400901e+00 -3.818048e+01
6.422973e+00 -3.817932e+01
6.445045e+00 -3.823283e+01
6.467117e+00 -3.834132e+01
6.489189e+00 -3.850577e+01
6.511261e+00 -3.872794e+01
6.533333e+00 -3.901046e+01
6.555405e+00 -3.935694e+01
6.577477e+00 -3.977225e+01
6.599550e+00 -4.026280e+01
6.621622e+00 -4.083707e+01
6.643694e+00 -4.150631e+01
6.665766e+00 -4.228570e+01
6.687838e+00 -4.319616e+01
6.709910e+00 -4.426745e+01
6.731982e+00 -4.554374e+01
6.754054e+00 -4.709430e+01
6.776126e+00 -4.903685e+01
6.798198e+00 -5.159629e+01
6.820270e+00 -5.529348e+01
6.842342e+00 -6.191324e+01
6.864414e+00 -7.889831e+01
6.886486e+00 -5.980629e+01
6.908559e+00 -5.433787e+01
6.930631e+00 -5.106383e+01
6.952703e+00 -4.874701e+01
6.974775e+00 -4.697506e+01
6.996847e+00 -4.555918e+01
7.018919e+00 -4.439711e+01
7.040991e+00 -4.342732e+01
7.063063e+00 -4.260996e+01
7.085135e+00 -4.191787e+01
7.107207e+00 -4.133178e+01
7.129279e+00 -4.083763e+01
7.151351e+00 -4.042496e+01
7.173423e+00 -4.008588e+01
7.195495e+00 -3.981441e+01
7.217568e+00 -3.960604e+01
7.239640e+00 -3.945742e+01
7.261712e+00 -3.936618e+01
7.283784e+00 -3.933078e+01
7.305856e+00 -3.935042e+01
7.327928e+00 -3.942502e+01
7.350000e+00 -3.955521e+01
7.372072e+00 -3.974233e+01
7.394144e+00 -3.998855e+01
7.416216e+00 -4.029697e+01
7.438288e+00 -4.067179e+01
7.460360e+00 -4.111860e+01
7.482432e+00 -4.164479e+01
7.504505e+00 -4.226010e+01
7.526577e+00 -4.297760e+01
7.548649e+00 -4.381509e+01
7.570721e+00 -4.479747e+01
7.592793e+00 -4.596086e+01
7.614865e+00 -4.736029e+01
7.636937e+00 -4.908532e+01
7.659009e+00 -5.129643e+01
7.681081e+00 -5.432715e+01
7.703153e+00 -5.908076e+01
7.725225e+00 -7.047692e+01
7.747297e+00 -6.584392e+01
7.769369e+00 -5.764059e+01
7.791441e+00 -5.355076e+01
7.813514e+00 -5.083459e+01
7.835586e+00 -4.882212e+01
7.857658e+00 -4.724319e+01
7.879730e+00 -4.596163e+01
7.901802e+00 -4.489923e+01
7.923874e+00 -4.400700e+01
7.945946e+00 -4.325230e+01
7.968018e+00 -4.261241e+01
7.990090e+00 -4.207096e+01
8.012162e+00 -4.161588e+01
8.034234e+00 -4.123810e+01
8.056306e+00 -4.093078e+01
8.078378e+00 -4.068874e+01
8.100450e+00 -4.050808e+01
8.122523e+00 -4.038599e+01
8.144595e+00 -4.032053e+01
8.166667e+00 -4.031057e+01
8.188739e+00 -4.035569e+01
8.210811e+00 -4.045618e+01
8.232883e+00 -4.061306e+01
8.254955e+00 -4.082809e+01
8.277027e+00 -4.110395e+01
8.299099e+00 -4.144430e+01
8.321171e+00 -4.185409e+01
8.343243e+00 -4.233982e+01
8.365315e+00 -4.291011e+01
8.387387e+00 -4.357642e+01
8.409459e+00 -4.435423e+01
8.431532e+00 -4.526490e+01
8.453604e+00 -4.633893e+01
8.475676e+00 -4.762169e+01
8.497748e+00 -4.918467e+01
8.519820e+00 -5.115011e+01
8.541892e+00 -5.375382e+01
8.563964e+00 -5.755125e+01
8.586036e+00 -6.452589e+01
8.608108e+00 -7.719627e+01
8.630180e+00 -6.125301e+01
8.652252e+00 -5.600358e+01
8.674324e+00 -5.280583e+01
8.696396e+00 -5.052573e+01
8.718468e+00 -4.877404e+01
8.740541e+00 -4.737006e+01
8.762613e+00 -4.621512e+01
8.784685e+00 -4.524950e+01
8.806757e+00 -4.443439e+01
8.828829e+00 -4.374325e+01
8.850901e+00 -4.315722e+01
8.872973e+00 -4.266253e+01
8.895045e+00 -4.224891e+01
8.917117e+00 -4.190863e+01
8.939189e+00 -4.163580e+01
8.961261e+00 -4.142603e+01
8.983333e+00 -4.127604e+01
9.005405e+00 -4.118354e+01
9.027477e+00 -4.114706e+01
9.049550e+00 -4.116587e+01
9.071622e+00 -4.123997e+01
9.093694e+00 -4.137006e+01
9.115766e+00 -4.155759e+01
9.137838e+00 -4.180485e+01
9.159910e+00 -4.211506e+01
9.181982e+00 -4.249263e+01
9.204054e+00 -4.294337e+01
9.226126e+00 -4.347497e+01
9.248198e+00 -4.409762e+01
9.270270e+00 -4.482500e+01
9.292342e+00 -4.567582e+01
9.314414e+00 -4.667637e+01
9.336486e+00 -4.786506e+01
9.358559e+00 -4.930092e+01
9.380631e+00 -5.108127e+01
9.402703e+00 -5.338374e+01
9.424775e+00 -5.658897e+01
9.446847e+00 -6.179368e+01
9.468919e+00 -7.686173e+01
9.490991e+00 -6.560563e+01
9.513063e+00 -5.851595e+01
9.535135e+00 -5.471365e+01
9.557207e+00 -5.212827e+01
9.579279e+00 -5.018987e+01
9.601351e+00 -4.865819e+01
9.623423e+00 -4.740913e+01
9.645495e+00 -4.637030e+01
9.667568e+00 -4.549583e+01
9.689640e+00 -4.475497e+01
9.711712e+00 -4.412615e+01
9.733784e+00 -4.359378e+01
9.755856e+00 -4.314633e+01
9.777928e+00 -4.277513e+01
9.800000e+00 -4.247363e+01
9.822072e+00 -4.223687e+01
9.844144e+00 -4.206115e+01
9.866216e+00 -4.194381e+01
9.888288e+00 -4.188307e+01
9.910360e+00 -4.187791e+01
9.932432e+00 -4.192806e+01
9.954505e+00 -4.203393e+01
9.976577e+00 -4.219669e+01
9.998649e+00 -4.241829e+01
1.002072e+01 -4.270158e+01
1.004279e+01 -4.305049e+01
1.006486e+01 -4.347026e+01
1.008694e+01 -4.396782e+01
1.010901e+01 -4.455234e+01
1.013108e+01 -4.523603e+01
1.015315e+01 -4.603549e+01
1.017523e+01 -4.697378e+01
1.019730e+01 -4.808408e+01
1.021937e+01 -4.941631e+01
1.024144e+01 -5.105042e+01
1.026351e+01 -5.312619e+01
1.028559e+01 -5.592304e+01
1.030766e+01 -6.014306e+01
1.032973e+01 -6.876936e+01
1.035180e+01 -7.187017e+01
1.037387e+01 -6.120556e+01
1.039595e+01 -5.660618e+01
1.041802e+01 -5.366343e+01
1.044009e+01 -5.151941e+01
1.046216e+01 -4.985232e+01
1.048423e+01 -4.850606e+01
1.050631e+01 -4.739308e+01
1.052838e+01 -4.645943e+01
1.055045e+01 -4.566960e+01
1.057252e+01 -4.499906e+01
1.059459e+01 -4.443029e+01
1.061667e+01 -4.395039e+01
1.063874e+01 -4.354974e+01
1.066081e+01 -4.322107e+01
1.068288e+01 -4.295887e+01
1.070495e+01 -4.275903e+01
1.072703e+01 -4.261850e+01
1.074910e+01 -4.253520e+01
1.077117e+01 -4.250784e+01
1.079324e+01 -4.253587e+01
1.081532e+01 -4.261948e+01
1.083739e+01 -4.275954e+01
1.085946e+01 -4.295771e+01
1.088153e+01 -4.321652e+01
1.090360e+01 -4.353948e+01
1.092568e+01 -4.393135e+01
1.094775e+01 -4.439839e+01
1.096982e+01 -4.494892e+01
1.099189e+01 -4.559397e+01
1.101396e+01 -4.634841e+01
1.103604e+01 -4.723271e+01
1.105811e+01 -4.827596e+01
1.108018e+01 -4.952116e+01
1.110225e+01 -5.103552e+01
1.112432e+01 -5.293260e+01
1.114640e+01 -5.542740e+01
1.116847e+01 -5.901021e+01
1.119054e+01 -6.530020e+01
1.121261e+01 -8.892050e+01
1.123468e+01 -6.425427e+01
1.125676e+01 -5.853337e+01
1.127883e+01 -5.516025e+01
1.130090e+01 -5.278550e+01
1.132297e+01 -5.097265e+01
1.134505e+01 -4.952463e+01
1.136712e+01 -4.833559e+01
1.138919e+01 -4.734215e+01
1.141126e+01 -4.650346e+01
1.143333e+01 -4.579173e+01
1.145541e+01 -4.518731e+01
1.147748e+01 -4.467588e+01
1.149955e+01 -4.424679e+01
1.152162e+01 -4.389205e+01
1.154369e+01 -4.360557e+01
1.156577e+01 -4.338278e+01
1.158784e+01 -4.322030e+01
1.160991e+01 -4.311573e+01
1.163198e+01 -4.306751e+01
1.165405e+01 -4.307486e+01
1.167613e+01 -4.313769e+01
1.169820e+01 -4.325665e+01
1.172027e+01 -4.343313e+01
1.174234e+01 -4.366935e+01
1.176441e+01 -4.396847e+01
1.178649e+01 -4.433480e+01
1.180856e+01 -4.477406e+01
1.183063e+01 -4.529383e+01
1.185270e+01 -4.590412e+01
1.187477e+01 -4.661838e+01
1.189685e+01 -4.745496e+01
1.191892e+01 -4.843966e+01
1.194099e+01 -4.961003e+01
1.196306e+01 -5.102361e+01
1.198514e+01 -5.277484e+01
1.200721e+01 -5.503493e+01
1.202928e+01 -5.816661e+01
1.205135e+01 -6.319107e+01
1.207342e+01 -7.664101e+01
1.209550e+01 -6.801321e+01
1.211757e+01 -6.055460e+01
1.213964e+01 -5.664604e+01
1.216171e+01 -5.400740e+01
1.218378e+01 -5.203537e+01
1.220586e+01 -5.047948e+01
1.222793e+01 -4.921149e+01
1.225000e+01 -4.815698e+01
1.227207e+01 -4.726900e+01
1.229414e+01 -4.651615e+01
1.231622e+01 -4.587644e+01
1.233829e+01 -4.533403e+01
1.236036e+01 -4.487719e+01
1.238243e+01 -4.449713e+01
1.240450e+01 -4.418719e+01
1.242658e+01 -4.394234e+01
1.244865e+01 -4.375885e+01
1.247072e+01 -4.363399e+01
1.249279e+01 -4.356595e+01
1.251486e+01 -4.355370e+01
1.253694e+01 -4.359693e+01
1.255901e+01 -4.369605e+01
1.258108e+01 -4.385220e+01
1.260315e+01 -4.406732e+01
1.262523e+01 -4.434426e+01
1.264730e+01 -4.468693e+01
1.266937e+01 -4.510058e+01
1.269144e+01 -4.559212e+01
1.271351e+01 -4.617072e+01
1.273559e+01 -4.684860e+01
1.275766e+01 -4.764235e+01
1.277973e+01 -4.857504e+01
1.280180e+01 -4.967985e+01
1.282387e+01 -5.100674e+01
1.284595e+01 -5.263567e+01
1.286802e+01 -5.470654e+01
1.289009e+01 -5.749897e+01
1.291216e+01 -6.171585e+01
1.293423e+01 -7.034649e+01
1.295631e+01 -7.340523e+01
1.297838e+01 -6.275084e+01
1.300045e+01 -5.814904e+01
1.302252e+01 -5.520238e+01
1.304459e+01 -5.305402e+01
1.306667e+01 -5.138245e+01
1.308874e+01 -5.003165e+01
1.311081e+01 -4.891414e+01
1.313288e+01 -4.797597e+01
1.315495e+01 -4.718166e+01
1.317703e+01 -4.650670e+01
1.319910e+01 -4.593356e+01
1.322117e+01 -4.544936e+01
1.324324e+01 -4.504448e+01
1.326532e+01 -4.471166e+01
1.328739e+01 -4.444541e+01
1.330946e+01 -4.424159e+01
1.333153e+01 -4.409720e+01
1.335360e+01 -4.401014e+01
1.337568e+01 -4.397915e+01
1.339775e+01 -4.400370e+01
1.341982e+01 -4.408397e+01
1.344189e+01 -4.422087e+01
1.346396e+01 -4.441609e+01
1.348604e+01 -4.467218e+01
1.350811e+01 -4.499271e+01
1.353018e+01 -4.538247e+01
1.355225e+01 -4.584784e+01
1.357432e+01 -4.639720e+01
1.359640e+01 -4.704174e+01
1.361847e+01 -4.779654e+01
1.364054e+01 -4.868240e+01
1.366261e+01 -4.972889e+01
1.368468e+01 -5.097984e+01
1.370676e+01 -5.250399e+01
1.372883e+01 -5.441795e+01
1.375090e+01 -5.694396e+01
1.377297e+01 -6.059472e+01
1.379505e+01 -6.710970e+01
1.381712e+01 -8.544864e+01
1.383919e+01 -6.524871e+01
1.386126e+01 -5.970138e+01
1.388333e+01 -5.638698e+01
1.390541e+01 -5.404049e+01
1.392748e+01 -5.224345e+01
1.394955e+01 -5.080497e+01
1.397162e+01 -4.962187e+01
1.399369e+01 -4.863214e+01
1.401577e+01 -4.779570e+01
1.403784e+01 -4.708522e+01
1.405991e+01 -4.648135e+01
1.408198e+01 -4.596996e+01
1.410405e+01 -4.554056e+01
1.412613e+01 -4.518525e+01
1.414820e+01 -4.489804e+01
1.417027e+01 -4.467441e+01
1.419234e+01 -4.451104e+01
1.421441e+01 -4.440559e+01
1.423649e+01 -4.435653e+01
1.425856e+01 -4.436312e+01
1.428063e+01 -4.442533e+01
1.430270e+01 -4.454385e+01
1.432477e+01 -4.472013e+01
1.434685e+01 -4.495646e+01
1.436892e+01 -4.525607e+01
1.439099e+01 -4.562337e+01
1.441306e+01 -4.606422e+01
1.443514e+01 -4.658635e+01
1.445721e+01 -4.720003e+01
1.447928e+01 -4.791903e+01
1.450135e+01 -4.876222e+01
1.452342e+01 -4.975614e+01
1.454550e+01 -5.093961e+01
1.456757e+01 -5.237241e+01
1.458964e+01 -5.415328e+01
1.461171e+01 -5.646310e+01
1.463378e+01 -5.969164e+01
1.465586e+01 -6.497520e+01
1.467793e+01 -8.100650e+01
1.470000e+01 -6.827946e+01
1.472207e+01 -6.134334e+01
1.474414e+01 -5.757825e+01
1.476622e+01 -5.500570e+01
1.478829e+01 -5.307108e+01
1.481036e+01 -5.153888e+01
1.483243e+01 -5.028695e+01
1.485450e+01 -4.924386e+01
1.487658e+01 -4.836428e+01
1.489865e+01 -4.761775e+01
1.492072e+01 -4.698292e+01
1.494279e+01 -4.644432e+01
1.496486e+01 -4.599053e+01
1.498694e+01 -4.561294e+01
1.500901e+01 -4.530506e+01
1.503108e+01 -4.506199e+01
1.505315e+01 -4.488007e+01
1.507523e+01 -4.475667e+01
1.509730e+01 -4.469006e+01
1.511937e+01 -4.467927e+01
1.514144e+01 -4.472405e+01
1.516351e+01 -4.482490e+01
1.518559e+01 -4.498303e+01
1.520766e+01 -4.520046e+01
1.522973e+01 -4.548017e+01
1.525180e+01 -4.582617e+01
1.527387e+01 -4.624389e+01
1.529595e+01 -4.674045e+01
1.531802e+01 -4.732531e+01
1.534009e+01 -4.801110e+01
1.536216e+01 -4.881502e+01
1.538423e+01 -4.976104e+01
1.540631e+01 -5.088381e+01
1.542838e+01 -5.223579e+01
1.545045e+01 -5.390171e+01
1.547252e+01 -5.603153e+01
1.549459e+01 -5.893096e+01
1.551667e+01 -6.339707e+01
1.553874e+01 -7.322785e+01
1.556081e+01 -7.236671e+01
1.558288e+01 -6.313033e+01
1.560495e+01 -5.879504e+01
1.562703e+01 -5.596029e+01
1.564910e+01 -5.387311e+01
1.567117e+01 -5.223983e+01
1.569324e+01 -5.091511e+01
1.571532e+01 -4.981638e+01
1.573739e+01 -4.889233e+01
1.575946e+01 -4.810899e+01
1.578153e+01 -4.744277e+01
1.580360e+01 -4.687677e+01
1.582568e+01 -4.639854e+01
1.584775e+01 -4.599875e+01
1.586982e+01 -4.567038e+01
1.589189e+01 -4.540809e+01
1.591396e+01 -4.520791e+01
1.593604e+01 -4.506692e+01
1.595811e+01 -4.498316e+01
1.598018e+01 -4.495543e+01
1.600225e+01 -4.498329e+01
1.602432e+01 -4.506703e+01
1.604640e+01 -4.520764e+01
1.606847e+01 -4.540692e+01
1.609054e+01 -4.566754e+01
1.611261e+01 -4.599322e+01
1.613468e+01 -4.638895e+01
1.615676e+01 -4.686131e+01
1.617883e+01 -4.741906e+01
1.620090e+01 -4.807380e+01
1.622297e+01 -4.884128e+01
1.624505e+01 -4.974325e+01
1.626712e+01 -5.081084e+01
1.628919e+01 -5.209045e+01
1.631126e+01 -5.365556e+01
1.633333e+01 -5.563242e+01
1.635541e+01 -5.826663e+01
1.637748e+01 -6.214544e+01
1.639955e+01 -6.944660e+01
1.642162e+01 -7.928235e+01
1.644369e+01 -6.514629e+01
1.646577e+01 -6.005975e+01
1.648784e+01 -5.691521e+01
1.650991e+01 -5.465683e+01
1.653198e+01 -5.291358e+01
1.655405e+01 -5.151129e+01
1.657613e+01 -5.035416e+01
1.659820e+01 -4.938399e+01
1.662027e+01 -4.856281e+01
1.664234e+01 -4.786459e+01
1.666441e+01 -4.727084e+01
1.668649e+01 -4.676799e+01
1.670856e+01 -4.634597e+01
1.673063e+01 -4.599715e+01
1.675270e+01 -4.571578e+01
1.677477e+01 -4.549751e+01
1.679685e+01 -4.533918e+01
1.681892e+01 -4.523856e+01
1.684099e+01 -4.519424e+01
1.686306e+01 -4.520558e+01
1.688514e+01 -4.527266e+01
1.690721e+01 -4.539627e+01
1.692928e+01 -4.557799e+01
1.695135e+01 -4.582023e+01
1.697342e+01 -4.612639e+01
1.699550e+01 -4.650109e+01
1.701757e+01 -4.695043e+01
1.703964e+01 -4.748249e+01
1.706171e+01 -4.810800e+01
1.708378e+01 -4.884141e+01
1.710586e+01 -4.970255e+01
1.712793e+01 -5.071951e+01
1.715000e+01 -5.193365e+01
1.717207e+01 -5.340922e+01
1.719414e+01 -5.525385e+01
1.721622e+01 -5.766871e+01
1.723829e+01 -6.110232e+01
1.726036e+01 -6.696236e+01
1.728243e+01 -9.703640e+01
1.730450e+01 -6.753331e+01
1.732658e+01 -6.140088e+01
1.734865e+01 -5.788235e+01
1.737072e+01 -5.542942e+01
1.739279e+01 -5.356543e+01
1.741486e+01 -5.207986e+01
1.743694e+01 -5.086105e+01
1.745901e+01 -4.984274e+01
1.748108e+01 -4.898247e+01
1.750315e+01 -4.825146e+01
1.752523e+01 -4.762944e+01
1.754730e+01 -4.710168e+01
1.756937e+01 -4.665726e+01
1.759144e+01 -4.628795e+01
1.761351e+01 -4.598751e+01
1.763559e+01 -4.575128e+01
1.765766e+01 -4.557576e+01
1.767973e+01 -4.545848e+01
1.770180e+01 -4.539782e+01
1.772387e+01 -4.539294e+01
1.774595e+01 -4.544372e+01
1.776802e+01 -4.555076e+01
1.779009e+01 -4.571541e+01
1.781216e+01 -4.593983e+01
1.783423e+01 -4.622716e+01
1.785631e+01 -4.658164e+01
1.787838e+01 -4.700894e+01
1.790045e+01 -4.751653e+01
1.792252e+01 -4.811436e+01
1.794459e+01 -4.881570e+01
1.796667e+01 -4.963872e+01
1.798874e+01 -5.060888e+01
1.801081e+01 -5.176323e+01
1.803288e+01 -5.315841e+01
1.805495e+01 -5.488712e+01
1.807703e+01 -5.711671e+01
1.809910e+01 -6.019940e+01
1.812117e+01 -6.511303e+01
1.814324e+01 -7.774236e+01
1.816532e+01 -7.057006e+01
1.818739e+01 -6.285724e+01
1.820946e+01 -5.887542e+01
1.823153e+01 -5.619829e+01
1.825360e+01 -5.420045e+01
1.827568e+01 -5.262480e+01
1.829775e+01 -5.134042e+01
1.831982e+01 -5.027161e+01
1.834189e+01 -4.937072e+01
1.836396e+01 -4.860592e+01
1.838604e+01 -4.795499e+01
1.840811e+01 -4.740190e+01
1.843018e+01 -4.693481e+01
1.845225e+01 -4.654486e+01
1.847432e+01 -4.622531e+01
1.849640e+01 -4.597112e+01
1.851847e+01 -4.577848e+01
1.854054e+01 -4.564468e+01
1.856261e+01 -4.556787e+01
1.858468e+01 -4.554700e+01
1.860676e+01 -4.558177e+01
1.862883e+01 -4.567256e+01
1.865090e+01 -4.582054e+01
1.867297e+01 -4.602763e+01
1.869505e+01 -4.629668e+01
1.871712e+01 -4.663163e+01
1.873919e+01 -4.703772e+01
1.876126e+01 -4.752189e+01
1.878333e+01 -4.809334e+01
1.880541e+01 -4.876434e+01
1.882748e+01 -4.955154e+01
1.884955e+01 -5.047813e+01
1.887162e+01 -5.157746e+01
1.889369e+01 -5.289977e+01
1.891577e+01 -5.452560e+01
1.893784e+01 -5.659602e+01
1.895991e+01 -5.939368e+01
1.898198e+01 -6.363215e+01
1.900405e+01 -7.238505e+01
1.902613e+01 -7.494793e+01
1.904820e+01 -6.448561e+01
1.907027e+01 -5.991104e+01
1.909234e+01 -5.697143e+01
1.911441e+01 -5.482368e+01
1.913649e+01 -5.314986e+01
1.915856e+01 -5.179533e+01
1.918063e+01 -5.067321e+01
1.920270e+01 -4.972992e+01
1.922477e+01 -4.893015e+01
1.924685e+01 -4.824950e+01
1.926892e+01 -4.767053e+01
1.929099e+01 -4.718041e+01
1.931306e+01 -4.676958e+01
1.933514e+01 -4.643079e+01
1.935721e+01 -4.615857e+01
1.937928e+01 -4.594882e+01
1.940135e+01 -4.579856e+01
1.942342e+01 -4.570571e+01
1.944550e+01 -4.566901e+01
1.946757e+01 -4.568797e+01
1.948964e+01 -4.576279e+01
1.951171e+01 -4.589441e+01
1.953378e+01 -4.608455e+01
1.955586e+01 -4.633581e+01
1.957793e+01 -4.665180e+01
1.960000e+01 -4.703739e+01
1.962207e+01 -4.749903e+01
1.964414e+01 -4.804523e+01
1.966622e+01 -4.868736e+01
1.968829e+01 -4.944073e+01
1.971036e+01 -5.032650e+01
1.973243e+01 -5.137484e+01
1.975450e+01 -5.263054e+01
1.977658e+01 -5.416411e+01
1.979865e+01 -5.609576e+01
1.982072e+01 -5.865638e+01
1.984279e+01 -6.238577e+01
1.986486e+01 -6.917598e+01
1.988694e+01 -8.355129e+01
1.990901e+01 -6.637616e+01
1.993108e+01 -6.101049e+01
1.995315e+01 -5.775788e+01
1.997523e+01 -5.544035e+01
1.999730e+01 -5.365865e+01
2.001937e+01 -5.222858e+01
2.004144e+01 -5.104990e+01
2.006351e+01 -5.006211e+01
2.008559e+01 -4.922596e+01
2.010766e+01 -4.851464e+01
2.012973e+01 -4.790911e+01
2.015180e+01 -4.739550e+01
2.017387e+01 -4.696346e+01
2.019595e+01 -4.660521e+01
2.021802e+01 -4.631484e+01
2.024009e+01 -4.608793e+01
2.026216e+01 -4.592120e+01
2.028423e+01 -4.581235e+01
2.030631e+01 -4.575992e+01
2.032838e+01 -4.576322e+01
2.035045e+01 -4.582226e+01
2.037252e+01 -4.593778e+01
2.039459e+01 -4.611129e+01
2.041667e+01 -4.634514e+01
2.043874e+01 -4.664266e+01
2.046081e+01 -4.700835e+01
2.048288e+01 -4.744821e+01
2.050495e+01 -4.797014e+01
2.052703e+01 -4.858467e+01
2.054910e+01 -4.930590e+01
2.057117e+01 -5.015322e+01
2.059324e+01 -5.115399e+01
2.061532e+01 -5.234836e+01
2.063739e+01 -5.379844e+01
2.065946e+01 -5.560760e+01
2.068153e+01 -5.796722e+01
2.070360e+01 -6.129712e+01
2.072568e+01 -6.686863e+01
2.074775e+01 -8.734528e+01
2.076982e+01 -6.868808e+01
2.079189e+01 -6.220246e+01
2.081396e+01 -5.856835e+01
2.083604e+01 -5.605610e+01
2.085811e+01 -5.415483e+01
2.088018e+01 -5.264285e+01
2.090225e+01 -5.140381e+01
2.092432e+01 -5.036909e+01
2.094640e+01 -4.949493e+01
2.096847e+01 -4.875180e+01
2.099054e+01 -4.811892e+01
2.101261e+01 -4.758123e+01
2.103468e+01 -4.712758e+01
2.105676e+01 -4.674957e+01
2.107883e+01 -4.644086e+01
2.110090e+01 -4.619664e+01
2.112297e+01 -4.601338e+01
2.114505e+01 -4.588853e+01
2.116712e+01 -4.582041e+01
2.118919e+01 -4.580813e+01
2.121126e+01 -4.585152e+01
2.123333e+01 -4.595113e+01
2.125541e+01 -4.610826e+01
2.127748e+01 -4.632502e+01
2.129955e+01 -4.660446e+01
2.132162e+01 -4.695077e+01
2.134369e+01 -4.736949e+01
2.136577e+01 -4.786799e+01
2.138784e+01 -4.845600e+01
2.140991e+01 -4.914657e+01
2.143198e+01 -4.995748e+01
2.145405e+01 -5.091363e+01
2.147613e+01 -5.205114e+01
2.149820e+01 -5.342503e+01
2.152027e+01 -5.512490e+01
2.154234e+01 -5.731132e+01
2.156441e+01 -6.031799e+01
2.158649e+01 -6.504903e+01
2.160856e+01 -7.643385e+01
2.163063e+01 -7.174864e+01
2.165270e+01 -6.352788e+01
2.167477e+01 -5.941604e+01
2.169685e+01 -5.667728e+01
2.171892e+01 -5.464220e+01
2.174099e+01 -5.304078e+01
2.176306e+01 -5.173692e+01
2.178514e+01 -5.065244e+01
2.180721e+01 -4.973838e+01
2.182928e+01 -4.896212e+01
2.185135e+01 -4.830095e+01
2.187342e+01 -4.773851e+01
2.189550e+01 -4.726273e+01
2.191757e+01 -4.686460e+01
2.193964e+01 -4.653726e+01
2.196171e+01 -4.627556e+01
2.198378e+01 -4.607564e+01
2.200586e+01 -4.593471e+01
2.202793e+01 -4.585088e+01
2.205000e+01 -4.582306e+01
