51
      -0.005195
      -0.003638
      -0.001867
       0.000103
       0.002259
       0.004583
       0.007053
       0.009647
       0.012339
       0.015102
       0.017907
       0.020724
       0.023522
       0.026270
       0.028937
       0.031492
       0.033906
       0.036150
       0.038198
       0.040026
       0.041612
       0.042936
       0.043983
       0.044740
       0.045198
       0.045351
       0.045198
       0.044740
       0.043983
       0.042936
       0.041612
       0.040026
       0.038198
       0.036150
       0.033906
       0.031492
       0.028937
       0.026270
       0.023522
       0.020724
       0.017907
       0.015102
       0.012339
       0.009647
       0.007053
       0.004583
       0.002259
       0.000103
      -0.001867
      -0.003638
      -0.005195
